69514125
60187739
96182448
23571046
59965151
95360850
22754505
58843503
25247218
61632317
97021916
24025620
60410769
97904474
23303072
59797187
96782886
22171591
59575539
85060248
21454943
58453942
84847656
11232355
57731460
83725008
19327348
10110717
83239739
70050374
6544078
56514812
83903521
19357125
45452224
82841979
18235577
45620686
71628381
18013090
44508094
70902743
7391448
43385557
70780151
6178850
32663969
79068663
5052212
32441317
78845026
4230620
31328739
67723438
48716139
74115234
1200843
37694547
19844995
30502181
62991886
99995595
35480699
62878208
98273947
24268052
61656650
97151365
24545464
60930169
82633308
21488686
23323812
59718521
96216229
22201234
59695933
85080048
58873391
84968490
71272951
5519829
17266660
43543777
84055227
78792195
32393580
32907538
68392533
94886282
14778250
75622824
79766336
30888983
5645210
82556058
24661486
32750510
37390589
58132856



















































































88559132
14943837
40348946
77336644
77336644
77336644
13821299
40225398
76614003
2009101
49003716
75498415
2986553
89493368
52286175
15175429
88671720
16898077
48381268
75775867
1764972
1764972
37169670
37169670
14553285
14553285
40048324
77036039
3431737
49826746
76214441
2619149
46239604
81278754
75937826
39703254
75198893
1596508
38981606
74976215
1474910
37869028
63253763
652362
32646477
69031175
69031175
95526884
31924889
68319538
94303232
21702241
67196946
94681654
20686759
56074358
93469007
29863101
56252810
92346415
28741524
55136228
81524977
78529976
54913680
80402389
17896384
53291093
80280737
16674846
42079445
89563150
15552258
42956963
88341502
14730606
41234315
77229910
14613029
40012727
76407432
3891471
49980185
76384284
2779999
39163598













