69514125
60187739
96182448
23571046
59965151
95360850
22754505
58843503
25247218
61632317
97021916
24025620
60410769
97904474
23303072
59797187
96782886
22171591
59575539
85060248
21454943
58453942
84847656
11232355
57731460
83725008
19327348
10110717
83239739
70050374
6544078
56514812
83903521
19357125
45452224
82841979
18235577
45620686
71628381
18013090
44508094
70902743
7391448
43385557
70780151
6178850
32663969
79068663
5052212
32441317
78845026
4230620
31328739
67723438
48716139
74115234
1200843
37694547
19844995
30502181
62991886
99995595
35480699
62878208
98273947
24268052
61656650
97151365
24545464
60930169
82633308
21488686
23323812
59718521
96216229
22201234
59695933
85080048
58873391
84968490
71272951
5519829
17266660
43543777
84055227
78792195
32393580
32907538
68392533
94886282
14778250
75622824
79766336
30888983
5645210
82556058
24661486
32750510
37390589
58132856


















































































1557341
31281980
67270095
94664694
30069398
66457407
93542102
29947751
66331855
92720564
28124263
55119278
91607976
28002611
54497620
80885324
27870033
53274132
80769747
26157485
53152590
89547299
15935204
52430902
19505896
82116191
82994509
84824601
18489208
11819616
43642620
33420078
18960169
83602069
20450925
79814787
10097168
44364207
46195773
73580471
19974580
45379225
45500495
6021033
5309481
72767833
18752938
45247637
71645742
7030340
44424095
70423794
7817703
33302407
79707116
6795211
32180819
44887817
69584564
5973663
31467372
68462976
4857085
31245780
67630339
94634433
30123142
66518841
93912845
29307554
66395299
92890308
28284902
55673611
91078716
28062325
54451023
80955168
27340877
53334471
80723580
38041940
74440055
1834753
37829468
63223467
612115
36107810
63101919
99590524
41442341
80987696
54591086
96938777
8483333
23116808
68722455
5126490
31111109
20546916













