69514125
60187739
96182448
23571046
59965151
95360850
22754505
58843503
25247218
61632317
97021916
24025620
60410769
97904474
23303072
59797187
96782886
22171591
59575539
85060248
21454943
58453942
84847656
11232355
57731460
83725008
19327348
10110717
83239739
70050374
6544078
56514812
83903521
19357125
45452224
82841979
18235577
45620686
71628381
18013090
44508094
70902743
7391448
43385557
70780151
6178850
32663969
79068663
5052212
32441317
78845026
4230620
31328739
67723438
48716139
74115234
1200843
37694547
19844995
30502181
62991886
99995595
35480699
62878208
98273947
24268052
61656650
97151365
24545464
60930169
82633308
21488686
23323812
59718521
96216229
22201234
59695933
85080048
58873391
84968490
71272951
5519829
17266660
43543777
84055227
78792195
32393580
32907538
68392533
94886282
14778250
75622824
79766336
30888983
5645210
82556058
24661486
32750510
37390589
58132856















































69695704
51987571
97385276
23770284
50164989
96553688
23558733
41160533
59042331
85431040
22835145
58820853
85215458
11613567
57108202
84592800
10591919
47985614
83370323
10875327
46263076
72258771
19642889
45041488
12435193
54520292
80925836
17313545
43708640
80102359
16191953
42685062
79080761
15475415
42463414
78868119
4252828
41741922
77135531
4130270
40529384
76913983
2403771
39402797
76891401
2295440
38680149
65079854
1073952
38568567
64952266
91351370
37745619
63730624
90239723
36623431
63018036
99002135
25401880
62896588
98380593
25789292
51773900
97168905
24566654
50951359
87046457
23440062
59839761
86223870
22628574
59616123
85101228
11596936
58990631
84389640
11373345
47778083
83266092
10651797
46656406
95090813
32485518
68573276
94878265
21362970
62757079
94145683
20140382
56535497
76714458
25132288
46609443
82693042
91135740
71759912
37132349
64627453
90011152
21672573












